Car, c1, c2, c3, c4, c5, c6, c7, c8
c1, 0, 6.6, 4.9, 2.4, 1.1, 7.0, 5.8, 2.6
c2, 6.6, 0, 2.0, 5.4, 6.5, 1.6, 1.7, 4.8
c3, 4.9, 2.0, 0, 4.2, 5.6, 2.0, 1.0, 4.5
c4, 2.4, 5.4, 4.2, 0, 2.5, 6.5, 5.0, 1.0
c5, 1.1, 6.5, 5.6, 2.5, 0, 7.0, 5.6, 2.6
c6, 7.0, 1.6, 2.0, 6.5, 7.0, 0, 3.2, 6.3
c7, 5.8, 1.7, 1.0, 5.0, 5.6, 3.2, 0, 4.6
c8, 2.6, 4.8, 4.5, 1.0, 2.6, 6.3, 4.6, 0
